	baseMean	log2FoldChange	lfcSE	stat	pvalue	padj
CAG-312 sp900760665	19.8055360886895	-24.3647823799161	1.47962612269545	-16.4668506497645	6.34908273474032e-61	2.17900519456288e-57
UBA11512 sp003522145	4914.59329915199	-7.51669511702296	0.613439737941717	-12.2533553862093	1.6118620543912e-34	2.76595528533531e-31
Collinsella sp900551555	9.84900032641545	-23.3936370962551	2.06855494738793	-11.3091688116844	1.18203959291993e-29	1.3522532943004e-26
CAG-433 sp000433675	5081.37683685249	-7.05424118759452	0.65856381287693	-10.7115530031602	8.98418726983232e-27	7.70843267751613e-24
CAG-269 sp000437215	4861.26293574079	-6.84669603183087	0.653640510257601	-10.4747119010916	1.12880782757095e-25	7.74813692844702e-23
Phil1 sp001940855	6482.20474130773	-5.22561270351207	0.503497859703981	-10.3786194971799	3.10228605149558e-25	1.77450762145547e-22
Collinsella sp900761615	7.56735092670047	-20.067555062573	2.0815134675248	-9.64084805390958	5.37421319125066e-22	2.63489995319604e-19
Methanobrevibacter_A smithii	2741.51353287877	-5.43102663853271	0.575229957446023	-9.4414878227936	3.67523194907921e-21	1.57667450615498e-18
UMGS1312 sp900550625	984.270348422358	-4.71643560102861	0.509534346607352	-9.25636442848691	2.1151147227404e-20	8.06563747605005e-18
CAG-273 sp003534295	5016.18945031808	-5.15396536223837	0.568715358591804	-9.06246909701911	1.27530427531153e-19	4.37684427286918e-17
Holdemanella biformis	7599.8197304044	-4.57635945927658	0.521995807686857	-8.76704255452932	1.83420474781697e-18	5.72271881318896e-16
CAG-1427 sp900547965	7.98882428489285	-23.0951277752749	2.69112395899602	-8.58196356881718	9.32671817253077e-18	2.6674413973438e-15
CAG-433 sp900546245	2017.23270580268	-5.74817381184259	0.675180262076291	-8.5135394719123	1.68703031977045e-17	4.45376004419399e-15
CAG-273 sp000437855	6017.68564599559	-4.55852434375153	0.540023336560118	-8.44134694768704	3.13701489618984e-17	7.69016794551681e-15
CAG-312 sp001917305	6.75981583560155	-22.8681274719518	2.72920512183374	-8.37904314666787	5.33597124561335e-17	1.22087022099633e-14
CAG-841 sp000437375	646.898236665741	-4.3399424870698	0.53963399332647	-8.04238157851595	8.81090212626386e-16	1.8899385060836e-13
CAG-269 sp001916035	2014.10475376249	-3.7797320137438	0.472756348690356	-7.99509519906932	1.2947378642946e-15	2.61384726485826e-13
UBA1820 sp003150615	2351.0589297995	-3.6169501705395	0.467416664429983	-7.73817119881763	1.00856983713315e-14	1.9230064894672e-12
UBA1685 sp002320595	1771.05626643286	-3.93368666177637	0.509269339119403	-7.72417728618467	1.12578066772223e-14	2.03351539559089e-12
CAG-83 sp003539495	17438.6958182062	-3.97276372358066	0.516645496428654	-7.68953518620146	1.47670520826185e-14	2.53402613737734e-12
Fusobacterium_A varium	1870.1954257325	4.58865347585647	0.598301928230324	7.66946128592455	1.72720223157783e-14	2.82274193275005e-12
CAG-492 sp000434335	8460.1890167393	-4.64697707450134	0.608629728990129	-7.63514638401225	2.25563990773447e-14	3.51879825606578e-12
Eisenbergiella tayi	6113.11738125108	-3.2362109316905	0.427123200865117	-7.5767622202112	3.54285238696091e-14	5.28655190958689e-12
UMGS911 sp900545935	3835.77639237542	-4.47649797985254	0.608142814743595	-7.36093212207057	1.82630421044509e-13	2.61161502093648e-11
UMGS1537 sp900543695	869.659869213572	-3.5693488491275	0.48619440464889	-7.34140256448474	2.11367002858255e-13	2.90164621523812e-11
Mailhella sp900541395	559.853630434098	-6.3561224056824	0.869845459633574	-7.307185817076	2.72795201639474e-13	3.60089666164106e-11
CAG-273 sp000435755	748.083861369566	-4.66630656354843	0.646110254254246	-7.22215215255231	5.11711709367154e-13	6.50442439462249e-11
SFEL01 sp004557245	13909.7775113301	-4.22928068824156	0.591040591335247	-7.15565182872973	8.32762609449154e-13	1.02072902701053e-10
Clostridium_Q sp000435655	1543.02257331435	3.02010093761858	0.427679384129863	7.06160046447678	1.64595675797257e-12	1.94790468736615e-10
Acidaminococcus massiliensis	4741.25545196122	-4.95741135860616	0.703434964317212	-7.04743382128874	1.8224745350061e-12	2.08491086804698e-10
CAG-272 sp000433515	413.677754893163	-3.79249089139226	0.547053782661896	-6.9325741117052	4.13250920571017e-12	4.57508761096687e-10
UBA9502 sp900555625	621.688817373989	2.91086096448908	0.422515088028741	6.88936572199068	5.6041694379497e-12	6.01047172220105e-10
D5 sp900113995	867.558092885314	-3.40137080960578	0.496053139155781	-6.85686782548031	7.03866976831829e-12	7.32021655905102e-10
CAG-269 sp000431335	11670.9748327767	-4.04122765035921	0.592632879144563	-6.81910807276257	9.16074696291404e-12	9.24696575785911e-10
NSJ-50 sp014385105	421.519875811258	-3.90215802658504	0.573627117681589	-6.8026038279994	1.02744914770977e-11	1.00748727855427e-09
CAG-521 sp000437635	745.281627808914	-5.31651810323469	0.794585122490489	-6.69093587678936	2.21747822128932e-11	2.11399590429582e-09
Ruminococcus_E sp900314705	2529.41669428988	3.12857159192906	0.47126837262792	6.63861988973141	3.16633751307039e-11	2.93699198509664e-09
UBA737 sp900549755	2630.62499418755	-4.16737482934333	0.632570619278515	-6.58799935111827	4.4579259501393e-11	4.02621101602054e-09
Firm-11 sp900548145	761.730974762813	-2.82896104130998	0.43168640406798	-6.55327806169334	5.62875646180498e-11	4.95330568638838e-09
TF01-11 sp003524945	3642.66280802985	-2.50856574042952	0.383669691496531	-6.53834742756113	6.22022954591272e-11	5.33695695039311e-09
CAG-83 sp003487665	3660.34539091431	-3.07169700019177	0.47091166759017	-6.5228729963536	6.89732643021715e-11	5.77356690451348e-09
CAG-448 sp003150135	2250.89385761356	-2.92336875702306	0.452831241960853	-6.45575765568707	1.0767880692763e-10	8.79889679465777e-09
Ligilactobacillus salivarius	1756.06572650389	-3.75271537691922	0.583713925671337	-6.42903177717265	1.2841928193039e-10	1.02496505950023e-08
Desulfovibrio legallii	221.050326534838	-3.70922386979864	0.580707391925254	-6.38742320379499	1.68704281738687e-10	1.31589339756176e-08
Angelakisella sp004557855	3615.72593423403	-3.021306799381	0.474182226676304	-6.37161544530741	1.87047413904416e-10	1.42654827671101e-08
CAG-115 sp003531585	1358.88034303942	-4.06348522041375	0.639063218430872	-6.35850273215701	2.03729762388873e-10	1.52000118373611e-08
CAG-83 sp900545585	4407.64152502756	-2.40558733354388	0.383974065428133	-6.26497347122036	3.72888884644321e-10	2.72288223850917e-08
CAG-914 sp000437895	901.691427753904	-3.52775270891272	0.56490351778543	-6.24487651049234	4.24135072994843e-10	3.03256577191313e-08
Klebsiella variicola	2690.09754867865	-3.67950596246659	0.589735021137012	-6.23925293663666	4.39665573738936e-10	3.07945356953475e-08
CAG-110 sp000434635	7285.64578607826	-2.96444333157487	0.475617318965432	-6.23283302219348	4.58074364686168e-10	3.14422243920586e-08
CAG-110 sp900547405	975.672921146671	-2.27117454142095	0.365631544973995	-6.21164823615667	5.24316961751489e-10	3.52834473084531e-08
CAG-170 sp000432135	33657.8452274901	-3.8327230295599	0.620643184730107	-6.17540500541644	6.59940767427383e-10	4.35560906502073e-08
UMGS1815 sp900555345	582.649194146613	-4.25160195648269	0.6930422892423	-6.13469339819212	8.53235883983964e-10	5.52510481855276e-08
CAG-110 sp900540635	3243.55046375995	-2.55301136001415	0.416670485481007	-6.12717110756463	8.94552564233542e-10	5.68537851935096e-08
CAG-170 sp002404795	2475.37714690777	-3.41058877842705	0.557104816834827	-6.12198759616583	9.24152196646588e-10	5.76670970707471e-08
CAG-83 sp902388735	1232.77811205494	-2.22987039813541	0.365259358536608	-6.10489600340227	1.028676388789e-09	6.30431672557827e-08
UBA5446 sp900759385	101.075486763269	-2.088714304871	0.344706025648299	-6.05940758053965	1.36623799508658e-09	8.22619087567922e-08
CAG-83 sp000435555	25941.8059031273	-3.24819605777618	0.537738887175014	-6.04047082188984	1.5366517163629e-09	9.09273912165079e-08
Duncaniella sp001701225	290.551921990933	-2.848628966006	0.487287790433519	-5.84588619278086	5.03878465416179e-09	2.93103541238699e-07
UBA5446 sp900546615	252.67709219459	-2.17576101255319	0.373622057046724	-5.82342763634294	5.76527836747729e-09	3.29773922619701e-07
Enterobacter cloacae_O	242.801227443406	-3.43327776498313	0.597828607176488	-5.7429131422772	9.30614684126405e-09	5.23585179659315e-07
CHH4-2 sp002899675	466.878263581103	-2.2130149376536	0.385590306660346	-5.73929089872836	9.50737901819087e-09	5.26279432103727e-07
CAG-83 sp900547745	2948.25124449642	-2.43595735554822	0.426641898696064	-5.70960649432974	1.13237683745581e-08	6.16875762880688e-07
UBA5446 sp900545405	179.1401335315	-2.33214708392551	0.410106093779901	-5.68669210064736	1.29523673411288e-08	6.9457069866803e-07
Enterocloster sp001517625	12375.074250005	2.63493399139965	0.468586632861764	5.62315227668257	1.87503977714659e-08	9.90021002333399e-07
CAG-83 sp900551355	882.764629220799	-2.67120853423386	0.476449507470334	-5.60648818469012	2.06473063397263e-08	1.07365992966577e-06
CAG-83 sp900550615	860.606853467161	-2.26371568811259	0.405662521714008	-5.58029289604552	2.40113901229415e-08	1.22469688945523e-06
CAG-488 sp000434055	359.241584422884	-2.47973634789912	0.444519779080101	-5.57846121725054	2.42655560847772e-08	1.22469688945523e-06
UBA1777 sp003150355	727.20999385243	-2.10790674041721	0.378455302355288	-5.56976405746942	2.55084527059353e-08	1.26157207996552e-06
UBA1777 sp900547315	1905.78839878335	-2.38152568365343	0.427697500225513	-5.56824784432389	2.57313652673621e-08	1.26157207996552e-06
Phocaeicola sp900542985	7527.43267355225	1.58792672540366	0.286423109642538	5.54398954534577	2.95656495525423e-08	1.42914520090599e-06
Dysosmobacter sp004553545	739.094588170229	-2.22281719921664	0.40280206717957	-5.51838577885375	3.42127728973095e-08	1.63080884143842e-06
UBA9414 sp003458885	828.962669519386	1.61728709809306	0.294469699013973	5.49220209586424	3.96952773806382e-08	1.86622180781302e-06
SFDB01 sp004558825	572.235584972975	-2.20983062633155	0.403836859911527	-5.47208748308831	4.44765165495319e-08	2.0627487134864e-06
CAG-83 sp900550585	1187.5131992702	-2.07411453014185	0.380161611219324	-5.45587578790338	4.87320512475646e-08	2.22997866508856e-06
QAMH01 sp900556425	71.4291060993223	-5.75975718948111	1.05918510582122	-5.43791369216374	5.39080750655462e-08	2.43437517927572e-06
UBA737 sp900547305	1157.35042744527	-3.64041973716666	0.671048512054175	-5.42497251953188	5.79634570122455e-08	2.58351408397437e-06
UMGS1537 sp900761045	870.903561160636	-2.15641501422625	0.39791042205432	-5.41934791024868	5.98168118597515e-08	2.63193972182906e-06
Faecalimonas sp000209385	637.822199868847	1.89935671423767	0.352314500928083	5.39108299327532	7.00343182499399e-08	3.04250354726321e-06
CAG-83 sp900548615	3597.15982632663	-2.05206225913317	0.381710211850651	-5.37596898229188	7.61719053737585e-08	3.26777474053424e-06
UBA5394 sp003150565	120.400100230274	-3.90030755664395	0.727047798352606	-5.36458203364557	8.11368787533939e-08	3.43779960347714e-06
CAG-269 sp000438255	2650.99778611045	-3.23159921570251	0.60294102325458	-5.35972689046575	8.33478564590307e-08	3.4884127239926e-06
CAG-83 sp900556015	1059.87852966945	-2.19669532837108	0.410651462531275	-5.34929381434695	8.82980926824415e-08	3.54979341371267e-06
CAG-273 sp003507395	362.755623627001	-3.73860096360224	0.698966984815711	-5.34875186499397	8.8562864774499e-08	3.54979341371267e-06
Streptococcus mutans	221.716723133411	-3.11920155071393	0.583174336642223	-5.34866052006598	8.86075674344374e-08	3.54979341371267e-06
CAG-177 sp000431775	507.203116519393	-2.37922473736568	0.44488464106046	-5.34795881398465	8.89516997608653e-08	3.54979341371267e-06
Acutalibacter timonensis	313.625287999423	-2.0663174642535	0.388247362602908	-5.32216742027657	1.02538134730984e-07	4.04495262524987e-06
HGM12669 sp900761935	238.108843429196	-2.86225353004633	0.538057105278679	-5.31960920498181	1.03990379244576e-07	4.05562479053846e-06
CAG-170 sp000436735	4752.72422214357	-2.87796694738939	0.54131222683307	-5.3166487005602	1.05695849796159e-07	4.07582198315075e-06
UMGS1840 sp900555525	143.457729515615	-2.63300773852347	0.496737296029007	-5.30060408101451	1.15420143150788e-07	4.40135479215005e-06
Slackia_A isoflavoniconvertens	198.2753606368	-3.97405796421524	0.750102717248772	-5.29801835512781	1.1706620114138e-07	4.41506815733204e-06
Faecalimonas umbilicata	3376.56210590775	2.4752453985415	0.470894350826586	5.25647715712998	1.46841005848208e-07	5.47780795729403e-06
UBA737 sp002431945	1949.12830092497	-2.96476469327198	0.564402627814842	-5.25292503465204	1.49702479337935e-07	5.52450439879345e-06
UBA6984 sp003258725	196.715191873445	-3.41549483336617	0.651712401365534	-5.2408007369657	1.59881289578167e-07	5.83736793438585e-06
CAG-110 sp900544705	1721.71752770485	-2.4218612300892	0.463898411022636	-5.22067153614593	1.78275490862068e-07	6.4404366804065e-06
UBA644 sp002299265	212.960829409373	-2.72098443646538	0.522937724217185	-5.2032666806331	1.95815555212286e-07	7.00040609883923e-06
Phocaeicola sp002161765	1926.78692310967	1.39901413390915	0.269583604897133	5.18953715469078	2.10817437374148e-07	7.44713044057896e-06
RUG115 sp900066395	8086.18141807744	-2.051391769568	0.39541668387902	-5.18792416507048	2.12651160599282e-07	7.44713044057896e-06
Campylobacter_B sp900539505	158.826443384972	-2.65416232872359	0.512367876434609	-5.18018878777683	2.21661450067767e-07	7.68426360234925e-06
Ruminiclostridium_E sp003512525	533.378646135968	-2.89020591839354	0.559499094608768	-5.16570258333399	2.39537425778605e-07	8.22092445272172e-06
Pseudoruminococcus massiliensis	6537.4240779963	-2.57018416769551	0.497992389727091	-5.16109125503709	2.45514457145216e-07	8.32829832485099e-06
Anaeromassilibacillus sp002159845	1087.49573044507	-2.15001384558626	0.416704178378511	-5.15956872319458	2.47519355808508e-07	8.32829832485099e-06
Sutterella wadsworthensis_A	1225.60222444696	-2.99709038512888	0.582105804345076	-5.14870383142956	2.6229265163204e-07	8.73969301360352e-06
Phascolarctobacterium sp000436095	311.558197398605	-2.88670074976876	0.561349648014767	-5.14242907246434	2.71208844232562e-07	8.94989185967454e-06
UBA11524 sp000437595	34649.1820214871	-3.19771743743408	0.62367432771131	-5.12722312808465	2.94046950417789e-07	9.61113460794146e-06
Phocaeicola coprophilus	28053.8594781551	1.71556158885914	0.335541572984877	5.11281381200552	3.1739509944187e-07	1.02764149177783e-05
RUG806 sp900313475	949.127216929313	-2.18169859327001	0.426947910685108	-5.1099877494871	3.22179702196973e-07	1.03338386723366e-05
Fournierella sp900543285	138.710742845171	-1.61881929259795	0.317302339027664	-5.10181960069576	3.36403337308388e-07	1.06072897218544e-05
Enterobacter hormaechei_A	1215.94373133239	-2.65242785715454	0.519926079522303	-5.10154801157798	3.36886532541413e-07	1.06072897218544e-05
Megasphaera sp000417505	17214.9636126125	-3.44626654232661	0.682883754921183	-5.04663717285875	4.49654092703494e-07	1.4029207692349e-05
UMGS1820 sp900545865	97.7285696559424	-2.96921072493082	0.588971173062778	-5.04135153082329	4.62255421158547e-07	1.42924378866318e-05
CAG-110 sp900544945	3383.86712872557	-1.53350145033669	0.30455220808307	-5.03526623559536	4.77185141355938e-07	1.46223161172641e-05
Phocaeicola plebeius	441446.16215198	2.52434534541259	0.502130022194913	5.0272742792358	4.97500542789096e-07	1.49364816963218e-05
NK3B98 sp900545815	311.531673967606	-2.30267527457857	0.458047180639173	-5.02715740191949	4.97803743340209e-07	1.49364816963218e-05
Megasphaera elsdenii	877.001142747432	-4.59286204179187	0.913798112261276	-5.02612336375528	5.0049399623456e-07	1.49364816963218e-05
Victivallis sp002998355	820.421652521713	-3.01767064725627	0.600731481492105	-5.02332696092594	5.07839802063552e-07	1.50250534541561e-05
F23-B02 sp004558025	1345.81434271133	-2.6407081189286	0.526342241118937	-5.01709327625841	5.24591023406624e-07	1.53741763980422e-05
CAG-245 sp000434195	1624.22476572064	-2.75389658736568	0.549062931601387	-5.01563013794013	5.2859930506089e-07	1.53741763980422e-05
Fusobacterium_A sp900555845	1293.73132851544	1.79972621106233	0.361915445893095	4.97278088427854	6.5999244212697e-07	1.90344038771408e-05
Streptococcus thermophilus	1038.068482077	-2.33072210306018	0.470091129191346	-4.95802187773572	7.1214545561989e-07	2.03673600307289e-05
CAG-110 sp900548795	248.347219700369	-3.13945779257538	0.633675482487278	-4.95436209754005	7.25679603123184e-07	2.0582912379494e-05
CAG-460 sp900544625	425.975843824891	-3.75662356075742	0.758995510788602	-4.94946743078132	7.44168288898216e-07	2.0934307930317e-05
CAG-451 sp000438295	558.611884736368	-3.54891247744695	0.717622077397573	-4.94537806071538	7.59962296324677e-07	2.1039028327934e-05
CAG-170 sp900545925	5063.94692703666	-2.48368893609056	0.502229201205028	-4.94532960276165	7.60151373153791e-07	2.1039028327934e-05
Massilioclostridium methylpentosum	1720.61647077733	-1.67470913011124	0.339416752053876	-4.93407918135228	8.05297679086073e-07	2.21102530769872e-05
CAG-170 sp900548625	3534.9882672244	-2.02551535047251	0.410926350131304	-4.92914448008822	8.2590481418356e-07	2.24960739863332e-05
Parabacteroides sp014287585	17380.7199194975	-1.69874722327132	0.344979281813005	-4.92420070661555	8.47058631653405e-07	2.28905923136574e-05
CAG-314 sp000437915	56.4069621678515	-2.91487278296085	0.59508867896352	-4.89821582228342	9.6710778167464e-07	2.59305773961513e-05
CAG-177 sp003538135	3775.49538134072	-2.53597327289923	0.518727372875814	-4.88883642064202	1.01433735900894e-06	2.69860915978194e-05
UMGS1494 sp900552305	169.757119002298	-3.2369577208151	0.664269494575314	-4.872958561622	1.09939289433757e-06	2.90239724105119e-05
CAG-83 sp900555735	1897.1994086202	-1.91448117248629	0.393031648088799	-4.87106110104838	1.11000504007894e-06	2.90804373858849e-05
CAG-83 sp900545495	2606.31759797567	-1.80039231033703	0.370528588982409	-4.85898352750996	1.17989948836281e-06	3.06773866974331e-05
Anaerotruncus rubiinfantis	1092.55159942295	-2.28280296171641	0.470618284151165	-4.85064656132902	1.2305966228912e-06	3.17549444343054e-05
UBA7001 sp900768805	341.575443411987	-3.11094135471254	0.642314402448355	-4.84333115193174	1.27680226304243e-06	3.2701383334042e-05
Phocaeicola sp002161565	6592.85677007527	1.4693018462838	0.303552877201098	4.84034893634172	1.2961134879146e-06	3.29500851149845e-05
CAG-110 sp900554705	334.107501648643	-2.32256673209602	0.483160022916522	-4.80703415418395	1.53185828670814e-06	3.86568944116349e-05
Enterocloster sp900538485	301.620036538175	1.84404365387741	0.384482105374777	4.79617549971517	1.61723603522925e-06	4.05135333788817e-05
F23-B02 sp900545805	999.016712726472	-2.24281488581231	0.46847366603508	-4.78749404378339	1.68876748283184e-06	4.19989130512962e-05
CAG-110 sp900546415	137.167451204395	-1.7261629353237	0.361229295708556	-4.77857957765526	1.76537892506949e-06	4.35883487110682e-05
UBA737 sp900549055	3095.24455958735	-3.13819278568293	0.657256598646754	-4.77468433507438	1.7998935288258e-06	4.41231042209295e-05
UBA1777 sp900549645	660.995238191271	-2.05740473636436	0.43104005073653	-4.7731173306258	1.81396040260721e-06	4.41525680975032e-05
UMGS1241 sp900540495	281.648588926379	-3.10388637274233	0.651607043960356	-4.76343281048258	1.90327003277011e-06	4.6000160228641e-05
CAG-1193 sp900550145	428.191256870033	-3.35777048348122	0.705405392001737	-4.76005786396506	1.93537464301012e-06	4.64489914322429e-05
UMGS1663 sp900553865	317.007560393997	-3.47149031070408	0.729588454573403	-4.75814863700645	1.95376615117725e-06	4.65647599363912e-05
Alistipes_A ihumii	25742.8539193409	-2.49105887062252	0.524385456785315	-4.75043470101875	2.0297983326885e-06	4.80432267433581e-05
CAG-103 sp900543625	25659.3268720003	-2.43181577609158	0.513292065516822	-4.73768433112841	2.16174196648708e-06	5.08157426642717e-05
Phocaeicola sp900551445	7951.41927296943	1.38487019737697	0.292489371005707	4.73477101959357	2.19302546976276e-06	5.12004313756856e-05
Pseudoflavonifractor sp014287675	1643.07604350463	-1.62207261284014	0.343154949062102	-4.72693929454763	2.27929369896846e-06	5.28549728031065e-05
Holdemanella sp003458715	1091.16301981045	-2.39858905657516	0.508787312882608	-4.71432560490867	2.42512604443259e-06	5.58592790905547e-05
SFHK01 sp004556395	60.9692274472491	-3.29506817767819	0.70196562308929	-4.69405918081412	2.67836493384815e-06	6.12809896864457e-05
Ruminococcus_F champanellensis	919.658212241632	-1.78210715406301	0.380035117421358	-4.68932230830427	2.74111345046865e-06	6.1831322002042e-05
Megasphaera sp900548635	174.761391431857	-4.19262402260676	0.894208151349806	-4.68864437913925	2.75020844977299e-06	6.1831322002042e-05
Angelakisella sp003453215	1000.66400969483	-2.16429761086243	0.461649934667296	-4.68817917719886	2.75646627806306e-06	6.1831322002042e-05
Parolsenella massiliensis	7.75380709151637	-6.00678443503639	1.28303822513542	-4.68168782298158	2.84522540006124e-06	6.3407880344222e-05
Frisingicoccus sp900757195	220.583696366007	-1.95100712527948	0.418067495323167	-4.66672761481098	3.06034595677224e-06	6.77619827331763e-05
Lactobacillus amylovorus	220.817761533123	5.51981999489305	1.18377431720661	4.66289892816593	3.11785903034311e-06	6.85928986675484e-05
UMGS1633 sp900553645	468.347114781956	-3.3353249341407	0.715838155100085	-4.65932824393018	3.17242975305447e-06	6.93489102705919e-05
UBA1206 sp000433115	107.055155793326	-2.36860852739528	0.509521447336755	-4.64869249327166	3.34045787420016e-06	7.25598191408542e-05
Peptostreptococcus russellii_A	85.1997463817746	1.70591706836925	0.367281772145558	4.64470931514994	3.40555615856543e-06	7.35086084037519e-05
UBA3818 sp900557155	1108.45675194374	-1.87085296020487	0.403009393348655	-4.64220683458447	3.4470753427596e-06	7.39397661021934e-05
RUG705 sp900551455	103.371498716322	-4.38363881965879	0.946374740989698	-4.63203277707357	3.62092809406062e-06	7.71864920423356e-05
Streptococcus anginosus_C	158.024059976411	-2.28185822683977	0.492903136570002	-4.62942525121404	3.66682057184676e-06	7.76433257227795e-05
HGM12789 sp900766585	222.252145172917	-2.01792402209298	0.436001086889301	-4.62825456810231	3.68760550489891e-06	7.76433257227795e-05
UBA10281 sp900556195	139.342689141543	-4.54087780595332	0.983217548075344	-4.61838564094195	3.86737018177688e-06	8.09317955113308e-05
Dielma sp001305055	172.555900980744	-1.50703722614899	0.32661721593411	-4.61407774185734	3.94844624200286e-06	8.21276818336594e-05
CAG-269 sp900553125	477.662909550409	-2.54889834772542	0.552580083091216	-4.6127220754438	3.97429556863375e-06	8.21673638045243e-05
QANA01 sp900554725	166.198285091038	-3.58550045187622	0.778330056010766	-4.60665809342281	4.0919198603538e-06	8.40926285073907e-05
CAG-145 sp900754795	194.468665517521	-2.08302738080832	0.452304413569685	-4.6053660285307	4.11740992332348e-06	8.41128027193225e-05
Bacteroides sp900766005	4170.21679076073	1.37693409801905	0.299414677632399	4.59875283639085	4.25027669766516e-06	8.63133113987387e-05
HGM14224 sp900761905	436.423451335283	-4.16396947509173	0.906741790804489	-4.59223289068582	4.38528598332777e-06	8.8531185263417e-05
F23-B02 sp002472405	157.31203679189	-1.88562198787315	0.410994950429081	-4.58794441611642	4.47631777024877e-06	8.98404829677998e-05
Prevotella bergensis	8575.60886823104	1.47336610424186	0.322383228742674	4.57023186345064	4.87184898057079e-06	9.72103819844125e-05
Intestinimonas massiliensis	2442.86491097247	-1.4214119247279	0.311714469555452	-4.55998057053635	5.11583539060637e-06	0.000100638280990883
PeH17 sp900542285	109.084129704757	-2.9974604204052	0.657346057695866	-4.5599427962068	5.1167557126802e-06	0.000100638280990883
CAG-115 sp003507295	538.20237766373	-2.65424812780266	0.582157003570538	-4.5593338421137	5.13161397826471e-06	0.000100638280990883
Gemmiger variabilis	1021.91939711815	-0.931977436905544	0.204479485502773	-4.55780409762868	5.16912168128237e-06	0.000100797872785006
Ruminococcus_B gnavus	91553.1130413206	2.53569010477658	0.556814082640512	4.55392595810775	5.26538949592751e-06	0.000102095009887137
HGM11616 sp900761075	3238.53579513928	-2.30300158968395	0.50619958374286	-4.54959202584772	5.37500238295853e-06	0.000103634877406257
Phil1 sp004558525	349.61243861288	-2.30103254023064	0.506262372474225	-4.54513838147786	5.48991741936911e-06	0.000105259198789245
Phascolarctobacterium_A sp900551335	113.177224312203	-2.57787457377513	0.567582297503386	-4.54185161361512	5.57622861510652e-06	0.000106320092261364
Lachnoclostridium sp900078195	385.194366998987	1.23478520731852	0.272944833059901	4.52393691969078	6.06998222517026e-06	0.000115094911584444
Gordonibacter urolithinfaciens	230.35527866662	-2.748467026256	0.607714133580449	-4.52263140576138	6.10755454324323e-06	0.000115171028529729
CAG-83 sp900552725	2645.98230769896	-1.77743644548169	0.393425280030342	-4.51785011208382	6.24706793707655e-06	0.000117158126557632
Acidaminococcus sp000437815	113.787796921959	-5.67375464944476	1.25871494630378	-4.50757708574585	6.55721109800022e-06	0.000122306241784439
Caecibacter sp003467125	551.38120346804	-2.67336558389894	0.594594940012128	-4.49611223372404	6.92072155369746e-06	0.000128388737147512
Clostridium paraputrificum	395.46230764724	2.3537579699134	0.52375075021866	4.49404219264743	6.98837724698097e-06	0.000128946831783004
HGM10836 sp900772095	3239.16910462912	-2.56211698235281	0.570364238902353	-4.49207157041177	7.05337102796819e-06	0.000129450103572122
CAG-83 sp900551995	2139.77413663913	-1.92815897764863	0.429760725405614	-4.48658721857099	7.23730979628144e-06	0.00013211940011084
Fusobacterium nucleatum_E	1217.72301757466	1.37726599305317	0.30717586318329	4.48364001904461	7.33804138514829e-06	0.000133249513406502
Victivallis vadensis	242.566292476082	-3.26429729160368	0.729106860026999	-4.47711778693565	7.56575121016726e-06	0.000136661358701548
CAG-110 sp900770015	242.593467913132	-1.32098310369455	0.295318664621077	-4.47307692315859	7.71020251454664e-06	0.000138541439947246
CAG-390 sp000437015	99.9357972560841	-2.64058334226361	0.59080254768315	-4.46948536802818	7.84080224648422e-06	0.000140154340155905
CAG-475 sp000434435	121.44125481114	3.44881242491732	0.772846094576528	4.46248282694249	8.10154232108379e-06	0.00014384596570834
Akkermansia muciniphila	11769.9158890167	-2.90032320741785	0.650048723784542	-4.46170125607254	8.13115307325696e-06	0.00014384596570834
UBA5394 sp900542615	240.301382792765	-1.63104627451572	0.365913132727905	-4.45746853182384	8.29332067969977e-06	0.000145962443962716
Phocaeicola sp900541515	7457.01694147996	1.43879270076196	0.323540113918982	4.44703033368608	8.70655472337055e-06	0.000152453550054121
UMGS1603 sp900553265	315.020906531516	-3.08538303661115	0.694079918362522	-4.44528498085668	8.77754332761706e-06	0.000152916389342039
Streptococcus anginosus	151.934940111536	-2.40703429249065	0.541814499550306	-4.4425431480487	8.8901798002645e-06	0.000154096449871251
CAG-882 sp003486385	4000.78594663316	-2.05426653623839	0.462718547424885	-4.43955952850985	9.01431792181351e-06	0.000155463010591276
Angelakisella sp900547385	51461.8663161212	-3.02345183431872	0.681547080490496	-4.43615990863433	9.15778310660073e-06	0.000157147558109268
CAG-110 sp900762005	315.770755946104	-1.63086873752786	0.368706189850828	-4.4232203917913	9.72404554972288e-06	0.000165879274226941
HGM12619 sp900753195	62.8816763031112	-2.89839088687542	0.655492815615462	-4.42169741273829	9.7928534073283e-06	0.000165879274226941
UMGS75 sp900538885	394.859204545803	-2.87393135039222	0.650021922779614	-4.42128372855912	9.81162373778234e-06	0.000165879274226941
Merdibacter sp900543035	102.450022373291	-2.49302363393463	0.564147696326794	-4.41909742815026	9.91139611137023e-06	0.000166744663991287
F23-B02 sp003533405	705.240207833189	-2.1630072853981	0.489603524967456	-4.41787522984413	9.9675929647692e-06	0.000166872092951648
CAG-312 sp900545705	44.9167140929287	-6.94909760879066	1.57947628530448	-4.39962136402133	1.08439917916346e-05	0.000180663008878107
CAG-177 sp003514385	35871.6230244142	-2.71786649267394	0.61909970380178	-4.39003035534343	1.1333483877996e-05	0.000187905877629384
Phocaeicola sp902388365	35060.3895575261	1.50654314501734	0.343768317954515	4.38243743338989	1.17358875008196e-05	0.000193642143763524
CAG-594 sp000434835	109.344388538897	-3.06662816083529	0.699991117300601	-4.38095296503366	1.18161378542272e-05	0.000194033421606258
Phocaeicola sp900552075	6174.04079784025	1.85349461700169	0.423743979632654	4.37409073896104	1.21939654323185e-05	0.00019928423506532
UMGS1225 sp900549725	189.948905140719	-2.52749577360321	0.578609851325218	-4.36822112139012	1.25262635786537e-05	0.000203744723231941
Phocaeicola coprocola	890566.442014399	2.48484833468708	0.569309755249016	4.36466846348032	1.27315702201278e-05	0.000206107306582446
CAG-83 sp900554275	6362.08794085346	-1.6525658298674	0.379532515349974	-4.35421410032164	1.33545141213706e-05	0.000215176959927436
Blautia sp900547685	652.09110466247	1.3885723016463	0.319944685523586	4.34003865191234	1.42457656319387e-05	0.000228464802097259
Brevibacterium senegalense	7.07091378236281	-5.8806025305184	1.35586903509073	-4.33714641925197	1.44344473517446e-05	0.0002304140619125
CAG-115 sp000432175	292.235471308779	-2.99475947915227	0.691943516573811	-4.32804037818137	1.50441893245263e-05	0.000239035452600807
Phocaeicola sartorii	821657.786780801	1.66330221407874	0.385719597965088	4.31220560960267	1.61634016759648e-05	0.000255634997935075
QALR01 sp900552255	144.600765720924	-2.06834024552778	0.480478067093355	-4.3047547581936	1.67170819468971e-05	0.000263179014870417
ER4 sp900552375	1277.06453396366	-1.86603901483689	0.434294796828343	-4.29671050278425	1.73351348284292e-05	0.00027166293484552
NK3B98 sp900758315	184.945207434403	-1.33589769104795	0.311303273036504	-4.29130628154782	1.77625119229179e-05	0.000277095185997519
Alistipes sp902388705	5071.94154755198	-1.85107864514169	0.431534691189819	-4.28952453402514	1.79056033761967e-05	0.000278063487724467
Phocaeicola sp900551065	5490.34169606483	1.63919271350392	0.3822898487241	4.28782694328599	1.80429573757715e-05	0.000278934368079495
UBA1777 sp900549485	1816.35498181465	-1.5417026212101	0.359676915389104	-4.28635410071358	1.8162939463237e-05	0.000279530081783989
CAG-127 sp900553925	4340.42142005863	-2.37979903805705	0.555342830526079	-4.28527912353285	1.82509896943154e-05	0.000279631234959333
CAG-196 sp900553895	190.665432478931	-2.41162807192234	0.56417887654131	-4.27458058463087	1.91497435481541e-05	0.000292097421587844
Paramuribaculum sp900759915	71.5082245099557	-2.55023121977528	0.596994030876457	-4.27178679832233	1.93912927444465e-05	0.000294473082738675
NSJ-32 sp014384895	11061.6819395149	-1.16326270861689	0.272471849124059	-4.26929502022517	1.96091762162274e-05	0.000296470012220671
Eubacterium_R sp000434995	16839.6860961247	-2.51174232173583	0.588917146208214	-4.26501815732122	1.99885945649162e-05	0.000300880949766633
Paramuribaculum sp900760855	91.4638868757551	-1.66721267967978	0.391249362531192	-4.26125340855185	2.03283571610003e-05	0.000304659047059184
Methanobrevibacter_A oralis	88.6335838650517	-3.16543930688813	0.743779577542275	-4.25588360109043	2.08225021582537e-05	0.000309891632124192
CAG-492 sp900557045	1095.57120807366	-3.37448920399746	0.792970970191271	-4.25550156417896	2.08580906237437e-05	0.000309891632124192
Sutterella seckii_A	153.421564142364	-2.09696673722016	0.493165514967351	-4.25205468261296	2.11818120772664e-05	0.000313009726300979
CAG-83 sp900313295	922.028151279607	-1.71070454148958	0.402392681524861	-4.25133114997741	2.12503689475898e-05	0.000313009726300979
UBA1822 sp002314995	6494.32644567722	1.512836016053	0.35641147702829	4.24463327799322	2.18951201329141e-05	0.000320873435261289
CAG-452 sp000434035	759.171805397862	-2.95593577416511	0.696521377373744	-4.24385506344481	2.19712288130545e-05	0.000320873435261289
UMGS416 sp900542005	203.994396866234	-1.93160507190465	0.455291961844522	-4.24256352798135	2.20980958539392e-05	0.00032135874987593
Phocaeicola sp900544075	22087.1994865656	1.2576269916191	0.296798159091878	4.23731398963894	2.26209687979297e-05	0.000327574535504198
Enterococcus_B faecium	526.565714995872	-2.27114896479255	0.537973765747624	-4.22167233682171	2.42496445848279e-05	0.000348305017264325
Phocaeicola sp900066445	8211.58321372409	1.35843826643039	0.321781437852307	4.22161786427808	2.42555067383956e-05	0.000348305017264325
CAG-269 sp900556865	478.926023013596	-3.37662297908537	0.800195909927013	-4.21974536134953	2.44578409865604e-05	0.000349262374097877
F23-B02 sp001916715	585.893515988234	-2.35969283226128	0.559285469088852	-4.21912057916599	2.4525708670626e-05	0.000349262374097877
Megamonas sp900554895	2987.07917134234	1.78831679445577	0.424848852961941	4.20930121851116	2.56161696464552e-05	0.000363283860440638
Caecibacter massiliensis	235.614998816526	-3.06090793777093	0.72809070068033	-4.20402009654953	2.6221564097996e-05	0.000370339127507499
UMGS1670 sp902406135	495.135721583903	-1.62608755495698	0.386979025015843	-4.20200437191759	2.64562023220289e-05	0.000372121665447554
Gordonibacter pamelaeae	606.69137735597	-2.35537337826458	0.560911318417346	-4.19919031926553	2.67871106349523e-05	0.000373855025817027
Eubacterium_F sp000434115	343.742341248973	-1.54721581091048	0.368463305938052	-4.19910418751606	2.67973008015702e-05	0.000373855025817027
CAG-115 sp900768705	166.890921115957	-1.82415550621307	0.434536499646439	-4.19793390819252	2.69361212714826e-05	0.000374270316614284
UMGS911 sp900546695	365.185116853247	-3.25031682836652	0.77594212658886	-4.18886501581673	2.80353088828443e-05	0.000387972500346458
Fusobacterium_A sp900555485	216.285068988283	2.97532235317366	0.7110085429574	4.18465063837063	2.8560500282502e-05	0.000393653160520269
Phocaeicola sp900553185	10585.9625568349	1.18083849393637	0.282525501031397	4.17958198330968	2.92045422862042e-05	0.000400919956505011
Firm-11 sp004556545	1318.18683827396	-1.66383473723628	0.398631806385625	-4.17386347648018	2.9947725765962e-05	0.000409484441548931
Limosilactobacillus mucosae	1580.61254258456	-3.78174226012693	0.907529020362235	-4.16707584581424	3.08531865905219e-05	0.000419611818700383
CAG-83 sp900549395	7493.4978344036	-1.89544744115876	0.454926978294229	-4.16648722013768	3.09329225324e-05	0.000419611818700383
Schaedlerella sp900066545	4618.97313086743	1.15203204051511	0.276570224637947	4.16542323752753	3.10775480174568e-05	0.000419913955889416
Parabacteroides bouchesdurhonensis	2493.69660888598	1.29151557627263	0.310672684755468	4.15715844889673	3.22230509465382e-05	0.000433684356268703
CAG-110 sp900762935	203.659256250077	-1.80900482695244	0.436323812873539	-4.14601443601877	3.38312506134746e-05	0.000453550203536893
UBA1409 sp900553675	93.9763163152544	-1.96389384698912	0.473863951918047	-4.14442550238294	3.40666679250211e-05	0.00045492919968355
CAG-127 sp900767585	3400.9668318732	-2.0233507246757	0.488507062635333	-4.1419068002014	3.44430310221676e-05	0.000458172412666974
CAG-460 sp000437315	126.875701359827	-3.06985484448234	0.741350745975139	-4.14089398459347	3.45954838882697e-05	0.00045842355484379
CAG-110 sp900544975	1139.0207168987	-1.28800372720335	0.31115982688891	-4.13936381210032	3.4827027351537e-05	0.000459716761040288
Phocaeicola sp000432735	11783.3034505644	1.52262334455889	0.368537206161601	4.13153222823107	3.6035315595315e-05	0.000473843690126901
ER4 sp900317525	28480.1992569024	-2.20767897560424	0.534676897117109	-4.12899638549503	3.64350130541118e-05	0.0004772708580218
Extibacter sp001185345	353.027471455879	-1.27700199429874	0.310066526602361	-4.11847743867046	3.81383900432542e-05	0.000497684238130983
Acetatifactor sp900755865	497.712051524512	-1.23140430490177	0.299119674196259	-4.11676132039987	3.84233621791592e-05	0.000499503708329069
Phocaeicola sp900551645	26367.035445345	1.4862601295447	0.361426722407187	4.11220321410066	3.91901100935386e-05	0.0005075488975133
Phocaeicola sp900066455	24440.1458767956	1.37488993792517	0.33527095369197	4.10083224563603	4.11666917895928e-05	0.000529419766116303
UCG-010 sp003150215	133.965743027379	-1.64226402524097	0.400482262484813	-4.10071600937196	4.11873769093977e-05	0.000529419766116303
Blautia_A sp900553515	308.212927731147	1.38408523497653	0.338299313851027	4.09130370150861	4.28954945622775e-05	0.000549318422902001
HGM13222 sp900757485	2016.71609592151	-2.04102597159732	0.499274090628284	-4.08798695928502	4.35132607150046e-05	0.000555158032616713
CAG-269 sp900554175	382.248149687611	-2.80536926578262	0.687251191339682	-4.08201440919152	4.46470279619665e-05	0.000567239287216663
UMGS1901 sp900556135	262.842281394208	-2.98812848113846	0.732156959095624	-4.08126760801326	4.47907479125046e-05	0.000567239287216663
UMGS1474 sp900547105	2526.46600744859	-2.12742784579216	0.521631840524448	-4.07840871763741	4.53449993183259e-05	0.00057214719728123
Akkermansia muciniphila_B	6957.15540702646	-2.83367734093361	0.695131441979222	-4.07646262247236	4.57260017413803e-05	0.000573323289192282
UMGS1864 sp900555835	288.558214632805	-2.84067880811813	0.696889237655639	-4.07622711705849	4.57723138807358e-05	0.000573323289192282
Eisenbergiella sp900555195	227.410263922283	-1.10089579980338	0.270473439105382	-4.07025474828399	4.69617565815447e-05	0.000586082722137678
UBA5905 sp002437905	514.788298319022	-1.57172857868475	0.386325132973146	-4.06840882080017	4.73352770035615e-05	0.000588603879261677
CAG-110 sp900549495	209.803511638574	-1.68021031384197	0.413329007173974	-4.06506749993174	4.80185626527944e-05	0.000594816963832534
Megasphaera sp902388315	1126.97907769314	-4.77462783598284	1.17477911373869	-4.06427708847136	4.81815605901644e-05	0.000594816963832534
UBA7102 sp900760085	188.25377599493	-2.1804007976041	0.538730634290336	-4.04729313467819	5.1813337989883e-05	0.000637359770542216
UBA11774 sp003507655	4686.3826127721	-2.1191301945417	0.5239415605872	-4.04459266824858	5.2414173620697e-05	0.000642448013807972
Bittarella massiliensis	1122.46215504891	-1.33312013605836	0.329894050890345	-4.04105540084893	5.3211184736641e-05	0.000649896035644669
CAG-492 sp900553225	487.429583608414	-3.02211829975391	0.748162586732063	-4.03938709760183	5.35910566786548e-05	0.000652214562131714
Eubacterium_F sp900539115	543.294886075113	-1.64148530461865	0.406572936657888	-4.037369821297	5.40538218553849e-05	0.000655521966811593
CAG-81 sp000435795	3243.56992221142	-1.30864050700402	0.324601625599917	-4.03152789079671	5.54154187132883e-05	0.00066966801769016
CAG-269 sp900760175	496.215404808755	-3.12504276517597	0.775834052469636	-4.02797834824127	5.62585231528559e-05	0.000675797719900196
UMGS1484 sp900552285	2173.14101486474	-2.79920677705951	0.694982647487469	-4.02773621352896	5.63164766583497e-05	0.000675797719900196
Enterococcus_B hirae	108.618926230647	-3.19461548580505	0.793695097912241	-4.02499082356469	5.69775372611176e-05	0.000681348111080681
Ruminococcus_B sp900544395	2446.12967849735	1.74199638205582	0.433533893140389	4.0181319375916	5.86613500394689e-05	0.000699047754637005
Phocaeicola dorei	5911200.61301452	1.46496562139325	0.364998911081332	4.01361641615093	5.97954901441904e-05	0.000710097308563535
UBA1417 sp003531055	1592.49453716317	-1.73878534811156	0.43354858140891	-4.01058940721476	6.05673593122931e-05	0.000714966678701985
Dialister succinatiphilus	1719.88281406472	-2.52499795934662	0.629616291720342	-4.01037583136136	6.06221746801509e-05	0.000714966678701985
Intestinimonas butyriciproducens	8804.91480078525	-1.57634792238874	0.393280507557452	-4.00820252236493	6.11826432744675e-05	0.000719105588075248
UMGS1603 sp900759005	67.6959710769303	-2.54278751852452	0.635002169415667	-4.00437611239094	6.2181367170036e-05	0.00072834966596438
Kosakonia cowanii	977.230301159623	1.84870941202784	0.46196703101972	4.00182109954275	6.2856818645519e-05	0.00073375714827014
Methanobrevibacter_A sp900766745	6475.07286439925	1.45017814117184	0.362498586139593	4.00050702711818	6.32069100900926e-05	0.000735342764166772
CAG-110 sp900546915	215.990429003989	-1.53155623550939	0.383521356880252	-3.99340534245031	6.51310865393512e-05	0.000755168543929234
OM05-12 sp900760755	13281.3495218794	1.31623762815418	0.330190340263302	3.98629962071145	6.7111754691504e-05	0.000775513609768491
Lawsonibacter sp900550705	281.040445100023	-1.19508125824105	0.299964156585383	-3.98408020426558	6.77419925110408e-05	0.000780169524489571
UMGS1696 sp900554225	200.702433323979	-2.11044531886739	0.530202269052655	-3.98045320069688	6.87840059808032e-05	0.000788705730510865
CAG-127 sp900319515	58884.5632088118	-2.33241655972236	0.586048297609113	-3.97990501676716	6.89428086110896e-05	0.000788705730510865
UBA11471 sp000434215	4414.53669425449	1.22313780143714	0.307402258922266	3.97894864444194	6.92206895766134e-05	0.000789253842614409
Ruminococcus_C sp000437255	774.051295850091	-2.42889161452612	0.610753918911377	-3.97687438314835	6.98270271872757e-05	0.000793290231792717
CAG-269 sp003525075	5220.36351755536	-2.07202276784006	0.521111505205427	-3.97616008693428	7.00369872474339e-05	0.000793290231792717
Flavonifractor sp900549795	565.679736383294	-1.50877861880883	0.37977168735127	-3.9728570324235	7.1015676751448e-05	0.000801729613851873
43-108 sp001915545	1640.70153197625	1.22064999729336	0.307537435670291	3.96911027964091	7.21414909510306e-05	0.00081176917030799
Anaeromassilibacillus sp001305115	529.392092449376	-1.20574032240542	0.303913306214798	-3.96738246647625	7.26663280586641e-05	0.000814395782409063
UBA5446 sp004553625	125.053747686011	-2.15485466382841	0.543224848926157	-3.96678220462136	7.28495061770345e-05	0.000814395782409063
Odoribacter laneus	3231.29116116267	1.24464817605902	0.313992859005756	3.96393784240872	7.37234560101851e-05	0.000821489938399205
CAG-269 sp900552555	1606.65535162361	-1.57361148504349	0.397234497505665	-3.96141698398449	7.45062867046333e-05	0.000827526135826219
CAG-170 sp003516765	758.685571370696	-2.08406467806453	0.52646155437498	-3.95862653359133	7.53820018116215e-05	0.000834551710378984
CAG-724 sp003524145	415.536692946948	-2.46623286403022	0.623991586659026	-3.95234954566442	7.73875860124804e-05	0.000851410130848973
UMGS995 sp900547465	64.3278119856275	-2.89544545403387	0.732616862741114	-3.9521960267205	7.74372637961731e-05	0.000851410130848973
CAG-878 sp000432255	327.349983877152	-2.8266379976925	0.71532517399658	-3.95154273950663	7.76490008612263e-05	0.000851410130848973
Streptococcus sanguinis_H	183.501193227921	-1.52812924542833	0.386830129467812	-3.95038837210193	7.80244819463113e-05	0.000852802617960957
Dialister sp900541485	149.05544489297	-1.56085606081624	0.395405712498084	-3.94747979475334	7.89781810626101e-05	0.000860486087005962
CAG-194 sp000432915	746.619049076924	-1.3055286659518	0.331079997666038	-3.943242343709	8.03873494868713e-05	0.000873067669110577
Parabacteroides acidifaciens	10317.7638041683	-1.17157301058432	0.29725420761456	-3.94131682772835	8.10355053905327e-05	0.000877330771294348
Massiliomicrobiota sp002160865	7010.68288862932	1.26107031744603	0.320150753809844	3.93898906199376	8.18256601034916e-05	0.00088107783257095
Collinsella sp003466125	148.147466219499	-3.17313063795886	0.805611405434916	-3.93878564349002	8.1895054950505e-05	0.00088107783257095
Parabacteroides goldsteinii	79438.3626276657	-1.83068122056219	0.465492623038786	-3.93278245444859	8.39682242102484e-05	0.000900559204654914
UBA1777 sp900546515	871.952991522062	-1.6118951079335	0.410216888473133	-3.92937285915538	8.5167692968584e-05	0.000910577950991216
Evtepia sp900758955	152.848923611845	-1.31222713046804	0.334817680863994	-3.91922889819275	8.88327193077468e-05	0.000946102078226517
Ellagibacter isourolithinifaciens	24.5379311928703	-3.25260101452882	0.83002834344429	-3.91866258570377	8.90416582946285e-05	0.000946102078226517
UMGS1045 sp900547995	243.76770917595	-2.87618390280227	0.735011153843557	-3.91311599526346	9.11127404207331e-05	0.000965120139271469
CAG-110 sp900554625	914.346151470785	-1.17323824549494	0.30031322279384	-3.90671524410482	9.35593019743016e-05	0.000987986228848625
UBA4644 sp900555855	1929.55959299374	-1.73684213924482	0.444903303369991	-3.9038643365622	9.46688602196309e-05	0.00099378332279572
CAG-521 sp900544345	64.6835100918777	-4.3487977750832	1.11398608113083	-3.90381697648202	9.46873970146272e-05	0.00099378332279572
Prevotella sp900540375	799.18080817094	1.49337074193647	0.382622355945038	3.90298872696028	9.5012129553304e-05	0.00099415130678945
